5.818123527447729287e-02
7.580196193178389934e-03
6.953207146343287626e-03
1.193300200751971560e-02
1.197758694267632949e-02
2.675354879824271698e-02
1.391167556057812914e-02
7.317997369101769678e-04
2.283565289278062863e-02
4.374166476478956629e-03
8.905614308747103469e-03
9.508477553977025265e-03
1.179597729858685405e-02
1.235076280713416283e-02
3.745004873660672147e-03
8.496953653326407008e-02
3.213761715097701848e-03
7.125175118323246251e-03
1.815170827726593841e-02
2.309373259172386224e-03
2.477689724928760617e-03
2.505781769904839515e-02
1.395907085000457938e-02
1.842101549857172796e-02
1.214773183229209087e-03
1.544917284718589452e-03
5.672071470471910445e-03
4.427432077722901621e-02
3.125358010731927021e-03
1.014808843291853946e-01
1.512250022686223265e-02
2.974121282489305528e-03
1.243262020240684749e-03
3.645657827682035387e-03
3.734327688514757493e-02
1.236849505323278468e-02
3.637430153720314085e-02
4.836496008557826520e-02
4.306035272726770578e-03
4.553663858548022067e-03
1.235097839246169366e-02
5.051807151909460877e-03
1.975884501921461658e-03
1.890641599092078920e-02
1.202682176770277465e-02
1.930521782073443132e-02
3.091764180125979554e-03
1.050786733013926852e-03
8.456054058217128341e-03
2.024824714200171016e-01
1.080824147703816039e-02
2.135039325904301150e-02
5.031067388553273068e-03
2.178835626174062748e-02
1.185558455827302564e-02
1.390624781195367752e-03
1.286685396497722414e-02
9.645886590749519832e-03
1.796583993473457180e-02
1.014105929454734399e-02
5.098233320979341822e-03
3.722639170528546822e-03
7.531189889550939185e-04
2.218321121969800136e-01
1.310692812311422817e-01
1.067533371949889315e-01
1.010558822556294478e-01
1.288205218453828405e-01
1.227535627921781808e-01
2.552058108480054766e-01
3.849311652512907855e-01
2.059347492322290696e-01
1.994678544252380947e-01
1.551678415695818269e-01
2.129004597572413116e-01
9.940330333918546979e-02
1.530921019961944962e-01
1.260538167224299899e-01
1.660726913985295095e-01
6.797990810010874629e-02
1.558481288657558861e-01
3.933676677562716328e-01
2.085084589923694720e-01
1.727070139770851276e-01
1.044100587441531558e-01
9.385923852201139006e-02
1.165826539968095599e-01
1.854743159760757210e-01
2.777727040932920777e-01
1.661424065400047556e-01
1.083492009027329089e-01
1.591066282740556947e-01
1.253516518660614254e-01
1.710010950612051439e-01
1.370787177783336086e-01
2.408769687695370976e-01
1.992547620717806112e-01
1.059559922839934110e-01
1.897089288085055114e-01
2.314292784497427313e-01
2.947126169193654555e-01
1.600687003745431825e-01
1.439439619056360198e-01
2.281085661012919874e-01
7.450988991899877567e-02
1.452362275705495198e-01
1.537775114451989666e-01
2.029772550828053967e-01
1.210235352540759701e-01
9.222793721360211805e-02
2.246540007962008756e-01
8.460587097353029773e-02
1.892585499477567879e-01
9.611986170585419542e-02
7.511778500797729186e-02
2.145525434375974427e-01
2.674307687814563295e-01
1.221708654167974334e-01
2.150493111796024093e-01
1.570573918174223149e-01
1.387707635404090423e-01
1.393503611974424850e-01
1.133747490699256871e-01
1.860463354486653342e-01
2.775655954424812166e-01
5.354086348430885794e-02
