1.281984483514418682e-01
1.730979497040040910e-04
2.614952279676014706e-05
6.714840571629733805e-05
2.107643689377477060e-04
2.096657347422305803e-03
5.716582436628746614e-04
5.636661382849115464e-08
5.851823647281575698e-04
4.074811677238307048e-06
1.089003660037558580e-04
2.957267807487483206e-04
1.865885816151446625e-03
3.467616648193905205e-04
4.749296563220090417e-06
8.448173639742738439e-02
2.063179374452300276e-05
1.441498740794266954e-05
2.060198312858841328e-03
1.492245220230892933e-06
6.717201317143365881e-07
8.822185166536966475e-04
4.812697346527919319e-04
1.148575820282906126e-02
1.376368762412523777e-07
4.263226331857203819e-08
2.328857369149906891e-05
1.687921296842296442e-02
1.588710161061286690e-05
9.293628788395955631e-01
4.154112857346914552e-03
2.775744319128619641e-05
8.703326175105988745e-07
1.303546703349054316e-05
5.478946010515391672e-03
1.128773017121414979e-03
3.175779109360283431e-02
4.272554063441968975e-01
4.500461412347403001e-05
1.110344190771310343e-05
1.033294744246846149e-03
2.456299942128728863e-05
2.002553369046833127e-06
3.163489290877339374e-03
5.548821861182809070e-05
3.759899451107294021e-03
2.478040988338041807e-06
2.766624950210959462e-08
1.708321872806395033e-04
9.586657881307233398e-01
1.278864556547895442e-03
2.770003433147870744e-02
8.722386850174566783e-06
1.433630310461049854e-03
1.462902996605854392e-02
6.641881128777307984e-07
5.384765997555034794e-04
7.210563972029326299e-04
1.166361166216310120e-03
1.119395848935150908e-04
3.363837700482137736e-04
2.557390445368179377e-05
5.795989671454039523e-08
9.974915040598528737e-01
9.706860432350427059e-01
8.010790770477548284e-01
7.793801704328343627e-01
9.927992707089681179e-01
9.444648742846539768e-01
9.995904584872954413e-01
9.999630931433598491e-01
9.987737644109312418e-01
9.971630505926847299e-01
9.812916526574639864e-01
9.957035605599752204e-01
7.462213358432817634e-01
9.829837108250960576e-01
9.795092128483653404e-01
9.985495175144524227e-01
5.075236794607318469e-01
9.927629426196628026e-01
9.999649736585886073e-01
9.986689417171716876e-01
9.926892281523791439e-01
9.611139371955754740e-01
6.592698747147398564e-01
9.889443097506167568e-01
9.964394911910511299e-01
9.998437272069305992e-01
9.837940734931411857e-01
8.025137159637802942e-01
9.928153625634081880e-01
9.573473048440613864e-01
9.957392953119226231e-01
9.520807724156192808e-01
9.998323828175901262e-01
9.986961510240424111e-01
9.243761352154379329e-01
9.997092734016659321e-01
9.994192832675041771e-01
9.998630767751681692e-01
9.852239486172555960e-01
9.798618778088593606e-01
9.993506876520691362e-01
6.810860606382055371e-01
9.873324975269540671e-01
9.744666814757279028e-01
9.985483660518279514e-01
9.292335630564239057e-01
9.192827333557140879e-01
9.994122995611397497e-01
8.710455315972341905e-01
9.923527896533413939e-01
9.112622708568755003e-01
5.307810136734425477e-01
9.942831264145418624e-01
9.992055377763231494e-01
9.047506465846586465e-01
9.992959110759067620e-01
9.876561229260815145e-01
9.661431316317710127e-01
9.902698518497040636e-01
9.085445966980203458e-01
9.990378861115918330e-01
9.997883710772237364e-01
2.250324519186935879e-01
