2.870568053350817106e-01
6.928325681355446131e-01
1.808968599173226555e-01
3.534510944583901804e-02
1.055112318356666995e-01
3.654830898725207333e-02
4.374782543254362305e-03
1.973540760318399576e-02
8.926530181675315645e-03
3.407185014452931981e-01
6.058539301654308762e-02
1.107964716557822797e-02
1.717361427772544913e-01
8.942250736603849504e-01
2.250472763155842576e-02
5.295043378297190594e-03
2.563992900125757757e-01
1.482116292357642771e-04
2.276882811440416633e-03
4.487195929580639064e-01
2.831134088678709411e-05
1.786178850840510202e-01
7.899164124160385934e-04
8.983056155459336056e-03
4.564887363909644392e-04
1.784659780439686594e-01
1.045540047594109611e-03
4.317750068325793000e-02
2.426885118857170440e-02
5.012060739711641233e-01
2.103393151482593239e-03
5.953873085870289329e-03
3.423330230953387510e-01
1.021080666634402629e-04
7.896435497602344354e-04
5.253805199070627017e-04
2.980032278409606994e-02
2.581308919526671408e-01
1.998801497804427937e-02
1.169883354625755462e-01
2.094721565585954196e-02
3.235674094232401845e-04
5.933059179605986409e-03
5.059818768755278834e-02
2.966144191243895271e-03
3.318056903716182400e-03
5.012076471316120330e-01
8.746634936519099776e-03
1.152003757841454923e-03
2.935040023480783300e-01
9.110515215684683588e-01
3.805122695148039497e-02
3.587296126227317895e-03
7.368498014476760893e-01
4.486669952618825286e-01
2.371647959380809769e-03
2.468951303288005258e-02
1.421706940918466069e-02
6.210871773029834775e-04
1.482864440905905419e-02
1.065525610248909918e-04
3.278830361776157581e-03
1.504693317580689006e-02
1.904261038104604065e-01
2.688925520865592623e-04
7.537194291262132584e-01
5.911245348183935110e-04
1.237308645898204393e-03
3.228383521769979253e-02
5.250459673156728131e-03
4.837787648251065317e-03
5.692447435027381958e-02
1.722815859715319271e-03
2.099962905276808178e-01
4.544299698014693800e-01
3.450744439122424242e-04
1.379729774535807564e-03
5.445153786189974553e-04
6.102054477421956120e-03
1.840225423244503666e-01
9.660756885011115846e-01
1.271007134085273271e-01
3.232068636334714138e-04
1.719366700758811605e-03
1.658388650838003506e-04
8.820572246639081168e-03
7.288820031787876519e-02
4.180683496640157960e-04
4.286278198603459336e-03
2.261776408879909162e-03
3.069171268175518441e-01
3.550853076549075893e-01
1.185347869306793873e-03
2.738783098397506131e-03
9.776681412911449875e-01
7.398612077972666068e-01
2.357380966691121802e-04
1.742274979371262467e-02
1.409962288621256950e-03
1.461160021850329005e-01
3.470861658875080361e-03
8.765215001267050166e-02
3.132267263519366574e-01
1.603663922770223391e-02
1.804336165302303924e-02
2.413786619990631113e-03
3.853994662987289110e-03
7.507747143272519227e-04
3.494408302669967797e-02
8.795454026435379352e-03
1.280880024993892030e-01
1.434539052315108275e-04
1.677970484383816893e-03
7.337619791190278309e-03
3.438795887690598515e-05
3.697852501063314274e-03
2.344855513372359757e-01
6.723606210586812318e-06
1.786596944193520262e-02
6.394067483132183094e-01
9.904516628818874231e-05
2.266742770794572676e-03
3.744433333504916962e-03
1.800727050681973640e-01
1.430123717829380192e-01
1.498550957264125905e-01
5.719520945869433631e-02
3.520545898658486994e-01
2.003496307307999803e-03
2.323861771985670163e-02
2.463364370131814526e-03
7.918948100967637335e-03
6.720154299189152747e-01
1.696940146242563799e-02
1.161966680758737963e-02
7.189974939587735758e-02
5.445507773798502526e-04
3.755264057991782034e-02
5.629799504787827479e-05
6.949026293777463802e-04
6.280844393613092694e-04
7.151908327251309261e-02
4.276678817149913436e-02
4.510827265234476982e-03
3.703754337203280346e-04
1.983002169999079740e-04
4.780223058334624568e-03
3.944777526571391531e-03
8.837801225644135051e-04
2.747819832567814299e-02
6.745146564843020054e-02
4.099161339356844936e-05
3.581413824812482941e-03
8.483201517362268370e-05
8.177950823407538206e-01
1.617747140184559451e-01
5.802799514449470848e-03
1.110467571305275581e-05
5.122883435019196831e-03
1.610295594128782065e-03
5.189499352474394867e-01
1.682221963586887385e-03
7.489551969081320397e-05
3.059458679952420032e-02
2.469733235839851986e-03
9.206322201958764273e-01
4.488277329874542330e-03
5.169543352074501032e-03
1.447125746699910365e-05
7.147172991968147628e-03
9.549476319708634017e-03
1.907497541377308620e-02
5.668780731998219746e-01
4.288445452749678130e-03
5.070135744726436133e-01
2.961379567042524141e-01
6.112805071365270404e-01
5.858411003971714798e-02
1.178840384911088723e-01
8.577105125304448907e-03
1.473777545153745656e-02
7.754148318450107547e-02
6.129762631707926651e-02
6.135135266688316290e-03
7.541878361003443443e-01
1.996155433233090352e-03
4.991255787227793367e-04
1.325895141873916494e-01
3.572519540716911045e-03
3.720709581910360605e-03
1.393273043337707928e-04
2.185072029377255545e-02
5.169393878014735128e-03
5.909486655119097894e-04
1.583265246386672265e-01
2.350350484870034225e-04
1.019832983412639112e-03
3.047111500994059696e-01
6.549589860602615943e-01
1.618916764502188188e-01
6.655539143400909796e-02
3.302559190155286706e-02
1.310714937241872456e-02
3.890735291069381124e-02
1.619077578176926491e-02
4.447025785252213814e-01
2.563918754459509342e-01
1.345534118203618734e-01
2.577182426556193229e-02
2.138541215287927469e-02
2.678845738323958840e-03
3.044282861706485316e-05
4.112813807754651246e-02
1.081220427335696094e-01
1.444777988565829618e-01
2.337917933458398892e-02
6.843669319650434735e-02
4.014713326028498085e-03
3.880615813499763665e-03
5.563420398622466179e-01
1.053109587917799329e-02
5.983919513168639397e-03
2.879872226740056579e-02
7.095325996312031123e-04
3.516081692687929583e-01
4.063127358448747062e-01
3.296978373719039457e-01
1.473307296376401461e-02
3.669885319304558823e-03
6.508252342089017664e-03
2.150440350061079975e-01
7.616477549451391993e-02
6.701339981122592625e-03
4.883813739978634660e-02
1.781430248995354015e-01
1.409845201107524926e-02
1.964901860854607191e-02
1.792293570230093502e-01
4.102426812132623640e-02
1.909431546580209053e-04
3.764599907443366700e-02
3.765194094744364617e-02
8.782582848332980835e-03
1.611758361586352814e-02
8.473964895211241743e-02
9.886217548482753026e-01
2.873954853182799085e-01
2.482792707393646492e-01
5.088430259889324681e-02
8.196166390312832617e-02
6.243547364173163139e-02
6.369832694852279875e-01
6.310336896968103248e-04
4.509812797165858151e-04
7.802814701777995889e-03
7.131375840905047891e-02
1.168718157399210866e-01
1.333889208529188269e-02
1.757389276857128846e-03
9.798122019239195100e-06
1.162208736835347068e-02
1.307431709255293673e-01
1.683324271019575474e-04
2.620267773930750610e-01
8.336106613563130929e-02
1.030467064359725377e-02
3.918020094225485301e-04
6.106833282440364830e-01
7.719896461456408898e-02
1.339693030734567455e-02
5.280453213285538766e-02
8.957525216771795862e-03
2.794206302134346655e-03
5.231625155117571729e-02
7.845781118997821602e-03
2.368892896687485247e-02
6.630970113804422750e-02
6.531160444796746400e-01
3.735162249967485270e-06
9.309975014476952471e-02
6.545609844556534718e-01
1.338253971058473712e-01
1.005110512671216760e-01
7.184233541931620004e-02
6.719981149153038402e-02
2.907032700157889497e-03
7.369611981452132143e-01
1.791541393904912405e-01
1.739532139957499779e-01
8.833083411561054588e-03
2.827711302048277345e-04
6.686330414092043735e-04
1.222351851520517008e-01
2.822857674008651119e-02
1.535805728501810352e-01
1.099720707886069743e-04
3.410057000094449120e-01
1.263813087148446578e-04
9.301170285813667102e-03
8.661975308897899156e-03
1.059731956282599086e-01
4.537996733847233788e-01
3.031801740925464846e-03
2.378648675299207399e-02
3.450700463602530618e-03
1.013022546303800678e-04
5.667683013323908392e-02
9.183834490239494927e-03
1.311799354266538278e-02
1.028789517028301254e-03
1.859056486458858792e-01
4.184803300450620181e-04
4.586433178598672139e-02
1.664742831873565754e-01
4.221684074669930086e-05
4.090943427597200366e-03
2.058775180010741779e-01
4.715105426517061070e-03
2.417629870157864922e-05
1.955118708736111079e-03
4.806248914383932230e-02
1.906806129324900654e-03
6.192239717333313243e-01
2.290127213809784856e-03
2.315089127283956674e-02
1.267461122251968553e-02
1.912709554859825037e-02
1.312931575307699141e-04
1.566209945650951299e-02
1.625086915076001670e-01
9.698750790694328494e-03
1.354144809183003206e-03
1.181799599627980230e-01
2.065660973828482730e-04
1.877560871318159075e-01
5.028020547889510139e-01
5.612073034541512203e-04
3.033218314417591830e-05
6.294428302493983995e-01
6.678070506831936815e-01
3.264727768199726334e-05
4.627499086969563691e-04
9.711799787362633551e-02
3.294485506748526596e-03
4.906009320028639764e-01
1.708711458039896547e-01
3.426532978271160101e-01
4.650523140992391946e-01
6.750340527041320815e-01
8.319320079853614880e-02
4.420903730983103482e-04
5.068514633236683720e-01
7.260399308893996273e-05
1.784170135048403216e-02
9.459744467633187659e-01
3.190453696764208175e-02
9.419564406115836785e-01
9.569063946054612302e-02
1.051722645264381306e-01
6.730643879889963984e-06
1.955698709150206267e-05
2.606995153507375984e-01
9.969244299178414703e-01
6.016363972996897624e-01
1.361729628150882545e-03
6.997497187627773219e-04
9.549116874477800356e-04
1.642421919104800065e-01
5.714329986193940059e-01
1.514965081550705486e-03
1.930107451056097545e-01
4.449643759074799892e-02
6.960118661451446531e-01
1.193858323474070860e-05
3.496267641946639027e-03
2.377850638127341641e-04
1.541199446227648207e-01
3.406144752287874194e-02
9.892591348066514037e-03
5.973325702365717138e-01
2.165852025464336250e-01
1.061103161177822047e-03
1.644811456187970922e-01
1.214124033669571404e-02
2.547033731972318527e-01
9.980854520018691556e-01
1.012788507116133691e-02
4.944424062708899703e-04
7.678421186016320954e-01
9.713032247691015808e-01
1.825403719939673814e-03
4.032970018777139111e-04
1.055328316790825061e-01
6.550766106837862743e-03
3.168247262259689563e-03
2.692677178529394588e-01
2.164558026283100456e-02
3.438237791115462960e-02
3.188437918570528884e-02
6.387447829767131657e-02
3.144792347424596457e-01
2.652631872918870815e-01
1.703643070616037614e-04
2.851902427773690078e-03
1.372431006386718756e-04
9.903276170688639357e-02
1.490219146131001038e-01
2.882482494032986148e-02
1.360436606253443426e-01
1.361694639815965169e-01
5.388157023602751020e-03
6.189385379210551874e-02
5.880659213030998700e-01
3.984477105941462358e-03
6.219752853379840150e-03
1.179282442231334160e-01
4.510095221370103435e-01
5.760572736533015395e-03
1.434577456581231057e-02
5.617258762375250576e-03
5.436362572140476801e-02
1.401194496243152610e-03
7.099703346180141587e-03
2.243195376742215027e-04
2.647927575227915654e-03
2.560762265869857661e-03
2.973824001627454333e-02
6.921881321492880448e-03
5.929008819958474751e-03
9.372118188128092386e-01
9.711197954701112911e-01
4.333966928235428312e-02
1.094375731255234287e-05
2.217979259810217221e-02
2.447168654834561488e-02
1.860032134838228218e-03
1.430776286164067886e-02
7.086912405817918925e-01
1.821205050179284341e-03
2.732827509412072420e-01
7.085925984462250297e-03
1.519881604401945585e-01
4.444837511028009607e-04
3.926877942711852476e-02
1.776851173118985591e-03
1.204423230741361733e-02
2.609386843445867833e-03
2.169566560440557186e-03
5.615873666722627586e-04
7.620242306342077387e-02
8.086957164551951405e-02
3.117849858210043901e-01
3.334304479254181219e-02
8.698479836455750430e-03
4.459699662391249618e-03
1.532197952214902625e-01
9.374202527149668729e-01
6.563592989224804886e-02
3.737326744312650245e-02
2.128432064420258171e-03
8.734900799652663833e-03
3.938877058131889236e-02
1.591932798471821717e-02
2.237833618875704859e-03
6.216099638315855788e-04
2.497736201040155410e-02
3.719540624731748775e-04
3.609985004250176183e-02
7.967050653676678584e-02
1.091210728804831815e-03
9.743982488345001580e-02
9.719481722704001458e-02
4.395008733652270390e-04
5.166374966376151680e-04
8.439251174898089111e-03
2.241192745006529707e-01
2.078098315955858102e-02
6.436451953991227659e-02
7.282298760965950392e-03
8.174016045964185460e-04
4.708391526754140445e-03
2.967041085094468920e-03
9.594299860604143431e-04
1.411016380600033267e-02
7.807712867623529673e-01
2.159394505045283269e-02
6.628003505248242049e-03
5.038459575652509681e-01
2.734630244156089924e-03
1.217899706154523055e-04
8.307276158515336517e-01
1.713743153706764333e-01
1.041530603379421105e-01
2.095090305359443572e-01
1.113875310909997194e-04
8.803387964120761716e-03
5.973968841065694160e-03
1.314914098849043721e-02
8.401050905201770114e-01
7.291465259271014989e-05
9.640784420431959545e-03
8.676131697409221466e-02
2.020885519655753887e-02
2.304287254740355922e-05
8.664952045347956364e-03
8.468064627170672140e-04
6.629678459935169077e-02
1.624686926956274424e-02
2.130120891088458090e-01
1.185532888335781437e-01
5.261770297475594216e-01
9.492278683878589973e-01
2.711462210158428841e-03
7.999804997205944845e-01
1.960093427425443555e-02
7.354912478580022742e-03
1.174391412835245263e-03
3.251110587861606163e-04
3.394928950968924553e-01
1.331051731276211602e-04
1.222999953180573390e-01
1.128467598561521401e-01
2.030704212245611900e-02
2.904714606204796823e-01
5.102646746150651946e-01
1.048887177454929090e-03
1.781329685682817299e-01
2.142445474431734658e-04
1.492442928277819873e-05
2.158438803298955069e-03
8.315928741455022588e-03
1.298792951637834682e-02
1.443346163459200250e-03
3.595345734971307494e-01
2.450791765896008848e-03
9.739394676586710098e-01
1.409591437365792857e-03
7.729756935160329336e-03
1.019710270751275627e-03
5.943123688108099822e-03
5.139714278059671947e-04
4.120801876761542859e-01
4.271884927586297475e-04
5.491373532977120685e-03
8.520998522367680961e-01
8.481954163522050383e-04
5.212124236984701231e-03
1.457904807091412736e-01
1.115796399214164653e-01
1.194672008670203366e-02
3.103205313112884057e-05
3.482434729867914767e-04
2.953084382016146064e-02
2.777194699276913257e-04
6.356992011316697257e-03
2.036644707456332880e-03
1.696341192349336193e-03
2.052290487966235578e-03
2.367421037445066774e-03
1.127608816313643196e-03
3.891240825226796856e-04
8.575478016254214908e-02
2.638904697336469374e-01
2.771707528572299310e-04
8.404369427932119052e-01
1.225428181828321361e-01
2.270746632751099656e-02
9.377711908745881009e-03
1.014054191864550416e-03
3.952624760350893496e-01
1.675018123594498171e-02
6.370435640426987296e-03
8.901931549338356784e-04
8.105749423283429289e-01
1.211514233759270198e-01
4.041442531429060431e-02
3.240121216102741491e-03
1.118883935334825956e-05
2.803740337562057178e-02
3.101388637227137871e-03
1.333092916601672298e-03
2.799327318528751010e-03
1.071453797653633806e-04
2.417667518098460810e-01
3.091510349599417562e-03
6.512562642694275095e-01
1.334791620595356110e-01
2.394263312423032808e-01
2.568475306837091944e-03
3.078488769958763818e-02
8.275261527294882624e-01
4.055372258306434198e-03
1.846017149976958427e-02
8.769525614461158858e-01
2.779880488049614462e-02
2.316875776328097543e-04
1.866617509328797608e-01
1.692347224975543352e-02
4.441929602865393734e-02
1.168361521750562459e-01
3.172431062499726090e-02
3.045990878987731281e-04
1.270442757015011323e-03
1.651535015975904575e-01
6.450716437057858466e-01
6.482492896640310032e-02
6.128609536447254813e-03
3.518815248045444044e-02
5.278543105972472241e-03
1.907211029146653860e-03
2.370920274221354762e-01
9.676352352849473260e-01
5.145942042120223462e-04
1.351115049030781289e-04
3.080436659634906791e-03
8.612936431130391660e-03
6.481056741972673202e-03
3.092632650940139571e-04
5.173887092378341712e-02
4.293455513410576740e-01
9.603612103188667870e-01
1.014401497760230014e-03
1.516876995622078450e-01
2.228687316625455809e-04
2.484938757628616171e-02
4.746290250753299605e-02
1.268949613324727166e-01
8.723672860906683812e-02
6.216483056031825161e-01
1.286914450369563588e-03
7.105635266709188491e-03
1.530874142659554432e-02
4.104088153049936238e-01
1.998636211626475165e-04
9.367445643497175969e-03
1.376946657529041841e-05
2.128746159775243320e-03
3.391270562769442207e-03
3.297132097751420167e-03
1.844994108830632197e-03
3.515251558143870358e-01
1.261891564778941534e-05
5.766781016349819405e-02
5.385520739572897042e-04
3.597325512810020665e-02
9.377928527784064935e-04
2.254931004672062755e-01
2.551485508173220174e-01
5.411646765577243778e-01
1.092549979499700267e-03
8.323015280841137287e-01
5.196097424910577356e-01
5.450259530165628696e-01
5.345045843301273088e-03
7.011679919785432924e-01
2.498321096481350648e-03
6.880630983876374618e-01
3.115518448691411216e-02
3.470081053253562010e-03
2.648219481398164092e-06
4.672732593031004265e-03
3.991339767773007668e-02
6.151698946190592605e-03
3.929140321108602341e-01
1.241870993873363943e-01
1.576933415624019036e-02
1.335888645940877528e-03
8.875164822797244890e-02
8.148274257055615477e-02
2.526687917746088807e-01
2.134447569829434066e-01
1.869829573608796647e-01
4.247406242215039374e-01
1.357856605156265327e-03
1.053299684482075999e-03
5.021630754779046572e-04
6.914416331339393040e-02
6.596636236374059381e-01
1.194055049026686438e-01
3.152646856440564083e-01
1.361015385280190948e-01
4.300782857975995327e-04
5.077571127654005763e-03
1.991715685153796697e-02
6.798402006409016707e-01
1.879448463906634864e-02
5.753617229930091392e-01
1.159534517514262605e-02
4.059618044709897150e-02
1.086988042624752356e-02
3.069683609545906799e-01
4.733521606856851832e-02
9.796152341591135571e-02
3.211643686157542033e-01
2.127579214260111491e-03
6.169385049823423312e-02
5.283569026914245251e-03
9.725618895299812370e-05
3.762305449242619310e-04
1.637346157419105122e-03
5.578613596296281511e-04
3.726111474229206605e-02
8.566989967266777639e-02
2.266563083581390591e-03
5.577237353771179879e-02
3.010098814829260602e-03
6.459726355841377554e-02
4.434013302967556962e-03
1.357692780719989833e-01
3.883437718774908950e-03
9.996576814658980625e-01
2.167702631458491916e-03
3.951267235582517638e-04
1.402412509738704604e-03
7.167573810766237133e-03
9.822820478177499703e-01
1.085166364379066238e-03
2.782041184039962811e-01
1.006416890017824278e-01
3.916825047633383794e-01
1.561171517796936248e-01
1.813544574477351790e-01
1.999781340421690756e-01
9.629190085095314100e-02
2.327114035103305945e-02
3.944360200928048558e-03
2.627781201130935038e-02
1.481161409230059012e-01
1.342834469732029079e-01
1.300615012122271260e-03
6.375550212596696117e-03
1.156264437240095075e-02
1.750314460675221989e-05
6.295320023669584604e-03
2.240541192746086929e-01
9.928910588544353003e-03
3.602586938923774303e-03
1.012064258668680244e-01
2.636546319955174189e-01
8.973301478772109652e-02
1.871623376831779983e-01
2.341876417444759050e-04
1.253865911661296850e-01
3.973657132274504081e-03
4.976140584492649843e-02
1.226154617251129855e-02
6.176120887928693987e-02
7.854475553129923737e-01
2.408784560685716357e-03
9.024340600449374736e-03
2.987886464230018503e-03
5.737651953130493698e-01
3.170973977027633710e-04
1.775963455598243571e-03
1.651879500360254882e-01
9.108398340496528947e-04
9.352053030368000508e-01
4.071423272459879228e-01
1.868687898664931346e-01
1.074791847221375461e-02
7.316699176644645385e-03
3.459367867406323849e-02
4.158555959936483526e-01
6.719843803411599430e-05
1.946652826396114491e-02
4.543059368527547354e-02
7.714656098511284144e-02
6.374814021691390352e-03
1.434099450828157235e-02
3.815422738107977496e-01
5.006531039090854618e-01
1.945000666147374546e-01
2.694562391893935427e-01
7.778798108240154974e-05
3.457125992797493866e-04
2.394517319863839408e-02
3.364265786540616698e-01
3.732448250256267721e-03
9.224750748879334550e-02
1.429195435540889887e-03
1.398576012782401989e-03
1.480999648314180149e-02
2.403676637987909037e-01
3.493715618799415890e-03
3.780609149317752660e-02
1.379841857811704015e-02
1.422882243808509979e-02
8.579017957908061337e-05
4.917598367971960371e-01
9.806578749332944475e-04
2.855759253034630477e-02
2.590047489124352315e-02
1.807672684747355374e-01
1.158694267888178836e-01
2.288366404615043148e-01
5.774668148587602107e-02
9.197639517922176142e-04
1.806275675170276873e-01
3.987823485055960737e-02
4.727843193504085821e-03
8.995530868192647069e-05
2.247122092989806419e-01
5.882256588247898599e-02
1.311382337708385561e-02
1.284571054223906375e-03
2.043726406197806397e-04
6.833084718307652627e-01
6.281201464076696488e-04
1.835062123958265950e-04
4.440560113884094130e-05
2.549938039767556813e-02
2.480039237178544298e-01
4.311491694135235163e-03
7.940660775685207673e-01
1.920252308554874776e-01
3.277180612648818853e-02
3.479655995397286632e-03
8.670058872806792050e-02
4.920990098870875462e-02
1.782483098727200566e-01
4.360132018635443779e-02
1.887622141445972207e-02
6.955949621023506113e-01
1.559906056474552605e-01
1.424897110595004077e-04
1.232644327807883239e-03
1.824518537444045230e-03
6.373211586099565952e-04
7.815809256823579021e-02
5.438852644027144319e-06
1.677259332114163599e-03
7.054634786021320159e-02
7.160482602648693407e-02
9.655039776903071580e-01
3.640977727001794154e-04
3.131656303538196771e-03
1.248292835388414715e-03
2.730641650434144886e-05
4.415849192055648631e-02
9.604938747591647286e-02
3.564271775698851547e-04
9.867319078232927865e-01
8.103349731350358888e-04
5.000844271075803463e-04
1.617083372807029060e-02
9.965567217241032283e-02
8.903719479305518061e-03
3.513262630165318590e-01
2.958285892613537471e-01
3.227689018763427869e-02
1.396875312600972781e-03
1.329828318946573492e-03
8.108224871409153850e-04
2.614554952460972914e-01
1.110372782540428819e-03
2.162112723226642524e-02
3.868160690416112130e-02
6.922875250921270984e-01
4.214474620887934120e-01
1.224350765959547789e-02
1.915124486679655735e-01
2.614113665300561024e-02
9.141911750721340088e-03
8.356800493315529434e-04
6.740553778969961491e-04
2.068422321062778676e-03
4.955938310829633986e-01
9.818883091046308464e-02
7.412749595165174510e-02
4.117587150936502516e-02
4.646079130575487062e-03
3.711471151400069779e-01
3.834260761731106068e-03
1.315717658094429747e-02
2.303319950602073039e-03
1.205566047694577817e-04
2.123894335450978929e-02
1.817769258321893719e-05
1.165593160336554938e-03
2.761134948230970637e-02
2.881057608076737983e-02
5.340371969147396369e-02
9.832305648839810390e-04
3.084222146600837443e-04
7.923478974559236554e-03
2.920857236077135932e-02
7.132986141590788032e-01
8.401459167405532155e-03
1.482495153296776481e-02
2.254016111457306942e-04
4.216136528439579090e-03
1.298564954734422478e-04
1.931969145442685633e-03
4.519674114476820298e-02
3.706413044674056190e-02
2.635616480502219194e-01
5.377180801172404268e-01
1.285368700982168419e-03
2.677780855749444661e-03
1.476786249157056308e-01
6.083832632950605251e-02
7.020192772233575448e-03
4.187026822190078657e-04
5.265122868006152966e-04
5.024710288358905270e-03
1.263219586200794130e-02
1.353079433372068180e-02
7.259847268751105920e-02
8.067826462245820673e-01
5.057550060474608200e-01
5.040853028822126630e-02
2.274135913444218227e-02
7.237227280956777531e-02
3.888819013496032000e-06
4.044316010551777252e-01
9.528204981815168173e-01
9.126781322590262757e-01
1.515028816769677100e-01
2.023045778833654207e-04
6.865837330773488095e-03
2.550667419347400766e-02
5.194461371243084928e-03
4.140009649534158172e-04
1.658825542366355599e-01
1.942170119454666218e-03
4.985553094433005025e-03
2.041032498220800642e-02
4.652461599066831828e-03
2.843944470882108291e-02
6.606376883415165414e-04
1.382154729739682175e-01
1.019490509168855495e-02
5.439375286236082345e-03
6.103382348518514577e-01
9.010593163586347876e-01
6.630637107416148535e-02
4.469154025020545887e-03
6.732143326873610278e-02
5.919076103739017136e-05
6.213366176616407222e-01
1.290183754316062388e-03
1.456179607592059388e-01
5.210335781349937356e-01
8.414305328880642421e-01
3.299100572466303651e-03
6.292487563364529413e-01
8.517495865183534118e-03
5.063133783753243338e-04
2.447870506934905765e-02
4.372034691663106683e-04
2.479921922674176160e-01
2.001495699285942045e-05
2.003956916521972345e-04
1.694106862126264549e-04
3.899088944317385345e-04
1.890398678302707787e-03
1.022956331613860820e-01
3.961482335762738644e-02
2.179256430027924074e-01
1.776241593343329608e-02
9.172396714213727487e-01
7.591173412623765382e-02
8.972688951371355325e-04
7.241594004892704800e-04
2.472297553755888333e-01
1.092397407126440684e-04
6.386447575105070294e-03
1.688295401259762426e-03
4.291209199063978665e-04
2.198154999230144957e-01
3.179163900010475801e-04
3.236403594066188938e-01
1.573162031737172506e-01
5.884923649365270126e-03
9.295637329920326342e-04
1.426018591309235750e-01
2.797655162766506387e-01
1.931528361503917837e-02
5.427062075234782151e-02
1.411489190673102627e-02
2.135315543952427848e-03
4.657461532183926160e-03
6.158616675045283130e-04
3.865396374642008498e-02
1.184458086150848149e-05
1.443383893437600630e-02
1.884171668791106231e-04
5.713038019523427290e-03
9.350164378998651049e-01
3.607869031147387107e-02
8.157862430475788795e-03
3.636588827084869186e-04
5.926309450918354135e-03
5.425247995734538281e-02
1.848437674969654037e-03
1.914999479580141092e-02
1.218431818560197222e-01
1.802269614623503466e-04
5.946889451920054498e-02
3.072752130254117198e-01
9.968307305372069438e-01
9.303308561573928603e-01
9.901531036382460460e-01
9.870024402549661957e-01
9.904737635919754757e-01
4.723777794450673140e-01
8.341309328665906797e-01
9.003775938583065130e-01
9.970039785648951991e-01
2.991121077038041975e-01
9.628569719744103361e-01
9.614242451940516743e-01
3.629256840308248133e-01
9.972970195460513221e-01
9.812789628188404167e-01
2.647872517977719053e-01
9.862879271825488736e-01
9.551357546742333948e-01
9.700883583241296515e-01
9.589958158575533353e-01
8.594631079463866952e-01
9.993463412392914469e-01
9.909592964650852931e-01
5.678678966043093634e-01
9.837791586607701477e-01
9.681584849285866934e-01
9.196936546826310899e-01
9.582046181563429466e-01
9.892411779790722948e-01
9.075615221078137118e-01
7.972329329014266053e-01
9.844847053528972269e-01
5.866635234122575815e-01
9.948558958873010560e-01
9.995975832586754262e-01
6.623701031023371266e-01
9.950288826939852616e-01
6.645704530069398430e-01
9.719834258416575334e-01
7.537702209895414951e-01
9.347021577966898587e-01
2.995377714857909157e-01
8.478966853218088406e-01
9.763467243953600772e-01
4.860371306417793913e-01
9.473462550661613246e-01
9.492903992680920000e-01
9.512848834599401115e-01
9.978367433554086174e-01
9.984480419471438717e-01
9.757018333056030057e-01
8.564595180938522345e-01
7.104437372118792560e-01
9.930297229289152261e-01
8.790170130000894977e-01
9.713212543990017434e-01
8.174997469206226608e-01
7.789403774046518292e-01
9.990488424759801367e-01
9.255230997038612628e-01
9.909919121453570900e-01
9.890065220923774936e-01
9.969466264593104254e-01
6.333714619798315182e-01
8.276699387854939971e-01
7.730126263495931127e-01
2.585036489186615105e-01
7.267071436985111932e-01
9.520424171761379117e-01
8.752310397932098196e-01
6.132598384634098121e-01
8.679985311014224436e-01
9.536980060247838287e-01
6.291167763133949098e-01
5.962460787635618376e-01
9.975906649512978897e-01
9.200707954565049418e-01
9.943616830195585177e-01
9.470450183321458271e-01
9.995600847175682979e-01
7.862855541859431474e-01
9.797011935832113938e-01
9.606878660354423172e-01
9.796814746687195763e-01
8.809853061300488841e-01
9.446902476258938197e-01
6.017470927563892680e-01
9.327714046169505169e-01
2.645690720293751297e-01
9.451656599920739144e-01
7.765199264748352537e-01
3.363398310893325194e-01
9.927901203578327616e-01
7.974433523600134022e-01
8.740243049013414200e-01
9.459666828171517938e-01
9.019329071088721950e-01
9.480105755674984591e-01
9.940676654214319896e-01
9.574319558810852060e-01
