5.091729220337742196e-02
1.994991613074106329e-01
3.902126131318893465e-02
1.112647261360639669e-02
1.285872106619780596e-02
4.275934998491428760e-03
1.239050924993684733e-03
5.422590245736818616e-03
3.164952633828140103e-03
5.469406076191865584e-02
1.742908311496010193e-02
3.164418777689840482e-03
4.695326609257612777e-02
4.159351527101114998e-01
8.410893978588960748e-03
1.565225138973449451e-03
4.157476799186083510e-02
1.033185586031918219e-04
1.092296511038288055e-03
5.728582627788673248e-02
6.925033004485834861e-06
2.591807846244092647e-02
3.697788330277671236e-04
2.618702304768941516e-03
1.779200382953910595e-04
3.151086701421995651e-02
5.009977726015713570e-04
7.850106752916131275e-03
6.801482441913154695e-03
4.547869069700970907e-02
8.920307380041869868e-04
1.889878426228493906e-03
4.886655787015568853e-02
5.429422598073152219e-05
7.027918447347397592e-04
9.985305437082246790e-05
6.511928360929330854e-03
1.344770634396274811e-01
3.809130191354779659e-03
1.739584667928692485e-02
7.923275109157541102e-03
1.872066984802402904e-04
8.214571051955437287e-04
1.644955142737663384e-02
7.833899425873948590e-04
7.575426792911738125e-04
6.899471414523082602e-02
1.377648524988322543e-03
3.057804149143595056e-04
2.738124548781934592e-02
4.444346301524684240e-01
7.365570713273428272e-03
7.910388192564130191e-04
2.046969188778265114e-01
8.003295356484442513e-02
9.458545671034513172e-04
6.116866552555359424e-03
5.705315740952264687e-03
1.283142678205828819e-04
3.114362876311992014e-03
5.254460598775757677e-05
8.545042937567770037e-04
1.416574120119671893e-03
1.775865376860243788e-02
1.496827971357115998e-04
1.544808982879827819e-01
2.563257320485760643e-04
9.075148640150209863e-04
3.970894022153513385e-03
3.241992772585691567e-03
2.427214685031961732e-03
1.261405402420687390e-02
5.414588907854003905e-04
2.997505735381133726e-02
8.998243021965625366e-02
2.136678710762711581e-04
2.533571773609683128e-04
1.848533700235655941e-04
2.259323041134625801e-03
4.476745063643732675e-02
4.705147203469669526e-01
2.173074216695770541e-02
8.377402449025667986e-05
6.392415376145591270e-04
5.120482244502867265e-05
1.185711327149515043e-03
2.679159384150214124e-02
1.846708314178620801e-04
1.538281792372340551e-03
6.373347530641160913e-04
5.131784111837688761e-02
8.817472344387017325e-02
1.883878708930077583e-04
8.065527717483464204e-04
6.804050898963427407e-01
1.263410133201277041e-01
2.624080455916553414e-04
4.478828110732851510e-03
4.113979518000001213e-04
3.303950474396384618e-02
1.336097234022233298e-03
2.238700872218028770e-02
5.312303283224935335e-02
2.199120038720505255e-03
5.710875697233634349e-03
8.924244278306162634e-04
1.389289518481845931e-03
1.450232818608273861e-04
1.150657582402297291e-02
6.836470702433106346e-04
9.545428379381855691e-03
6.673383951079791437e-05
6.438659167760375475e-04
2.933294485615006893e-03
1.827961493151868182e-05
1.620285138356324832e-03
3.620061942484771589e-02
6.748407748610613551e-06
3.063065809061922291e-03
1.165166729766459464e-01
9.115989222400947662e-05
5.560660033204979820e-04
1.064766495793181009e-03
2.537749396421067061e-02
1.826371844530908992e-02
1.498130906199860411e-02
8.671840632223199244e-03
9.596109848176044566e-02
4.641532148248173582e-04
5.726440094056988936e-03
1.609789370290083026e-03
1.775346957034364213e-03
2.071919045647981350e-01
4.733958981520915675e-03
8.249020751125160037e-04
1.446469878025306507e-02
2.570558548285105057e-04
5.213785458313310341e-03
3.283970874885362793e-05
3.897851155765295981e-04
3.275506624747980206e-04
1.350095845240140841e-02
5.164089619454225073e-03
2.626529138305479759e-03
2.480974699728911363e-04
1.500033874806868122e-04
1.526283501318577169e-03
3.789155925116987136e-03
4.154269737715371360e-04
8.036952511991827391e-03
8.347843333502151866e-03
2.072549589895090986e-05
5.245957001653951592e-04
4.430738268921435749e-05
2.492143903436248031e-01
2.053007091013171054e-02
1.994116708030144701e-03
6.466817597930612923e-06
1.482514414470857255e-03
1.260016386290025445e-03
1.259188190000883056e-01
3.741642286386134852e-04
7.262180542418072721e-05
6.619336448999082675e-03
1.142902916832113161e-03
3.830261303019169561e-01
7.461713912263196868e-04
1.114008332801768447e-03
1.254732217300517790e-05
3.502138541320373635e-03
3.579710303364840463e-03
3.356996539655434601e-03
1.712980502511256276e-01
1.966302173854392321e-03
1.297269742170587270e-01
8.706609130146311659e-02
1.039216547559561471e-01
2.453651299221883478e-02
3.053096707484797764e-02
4.284126016508156901e-03
4.911488370694863138e-03
1.925264030378081095e-02
1.382329964056313622e-02
1.968597052509068589e-03
1.689763203743257503e-01
6.660673549688685396e-04
1.133018146800909712e-04
1.434417969076736549e-02
8.482230332933903428e-04
1.615022148084892467e-03
5.016191659943735839e-05
2.000507721619921696e-03
6.814450864435883225e-04
2.316150511367375962e-04
6.761326810372826623e-02
8.615268018134097667e-05
4.774133228585998178e-04
7.041386082249781464e-02
1.251267914148309901e-01
2.230829302752081536e-02
1.256113949571920248e-02
6.256131749934955126e-03
2.746916808792251776e-03
1.518276103613261201e-02
7.732620517915535056e-03
5.650099260258114459e-02
7.836801744251030433e-02
3.175716579662320183e-02
7.230768340055302758e-03
4.918891070694731207e-03
6.579832983012464482e-04
5.109657332231265942e-05
5.331386247958018292e-03
2.990298107636183214e-02
1.961132532845220530e-02
9.041756027284610087e-03
8.718250570673316199e-03
1.192171941394388557e-03
1.300393065958150782e-03
1.127812820800376675e-01
4.651683568576497722e-03
1.993248894728843514e-03
5.020605972247232408e-03
3.480191377448296243e-04
6.068969538541500730e-02
5.128037492945478754e-02
4.621962989096550789e-02
2.790324512387828623e-03
2.164594822044097443e-03
1.897962030558285502e-03
3.160629607521512480e-02
1.505730549736751869e-02
4.150529024776884561e-03
5.706325008111903449e-03
3.415708526175716825e-02
2.677994371162940174e-03
7.404785454971090849e-03
4.011858488291727975e-02
1.114476973403292354e-02
5.413373595945835862e-05
1.457418018062290807e-02
8.058213469853497957e-03
1.809565941646477981e-03
5.561275244124739593e-03
1.400574633824189230e-02
8.391637659701952634e-01
1.884509528546574400e-02
5.378588549497061860e-02
2.855571367696093862e-02
1.454780395650477447e-02
8.097110781309506053e-03
1.435347496999299088e-01
2.218163408644904745e-04
2.643915757713670499e-04
1.779721035754717713e-03
1.021778068439584131e-02
1.876264614246606760e-02
4.743266223596357897e-03
2.719909659584245792e-04
1.582083241239633396e-05
4.286163292521192117e-03
1.197185513299355367e-02
8.743353074945927597e-05
5.080564057404392264e-02
1.874639997794689747e-02
2.083242186630650510e-03
3.905116480729206477e-04
9.047599287545068925e-02
2.180003225595661398e-02
1.787010077315911603e-03
9.869016359045581013e-03
1.569740506246982727e-03
9.334923302770230290e-04
4.134738386674731946e-03
9.445993172648657057e-04
7.057193681402958163e-03
1.080418128585227712e-02
9.627423992319493473e-02
1.318261145243903691e-05
1.506411774084039784e-02
1.190345412443607753e-01
1.688006769962916917e-02
9.192798261500514240e-03
8.829905733896562317e-03
1.361914729358165189e-02
6.477119356081641102e-04
2.014473856741561819e-01
1.947332455270496879e-02
2.602761867357900050e-02
2.373709707000200893e-03
2.196221393077890649e-04
3.633981202865139504e-04
2.011331704264097617e-02
3.639569937863562903e-03
3.378530783944540955e-02
7.151769736017657615e-05
5.339967871038206471e-02
1.204105472752221232e-04
1.980346768932994116e-03
1.817926735193140181e-03
1.982560536346482383e-02
9.479934574580728412e-02
1.017012194322336948e-03
4.422905085991890237e-03
9.694733968412342371e-04
7.172817646076054261e-05
1.295522591118899829e-02
3.335932236511631680e-03
2.222419674044216927e-03
6.942557364211027681e-04
3.721470150068976329e-02
1.669570076998209453e-04
1.844396914079626110e-02
1.995287498619725125e-02
3.354678326735940620e-05
3.058668454558585281e-03
4.019914017766263586e-02
1.392807702281077939e-03
1.438108300189531796e-05
5.140594325980897073e-04
7.934743905851726273e-03
5.893887955658424138e-04
1.415489050158274809e-01
8.157031236943007666e-04
5.454105137354346537e-03
5.159783349839207334e-03
3.491968569887864571e-03
9.594829165990045145e-05
2.508735885136672075e-03
3.368417006297682453e-02
2.752616967359658787e-03
2.738915241948363115e-04
1.439770199528529228e-02
1.634409942708166057e-04
2.196109770182928106e-02
9.315885984127873776e-02
1.551498720572713535e-04
4.266583622371959478e-05
1.696528995085722635e-01
1.140512719980770612e-01
2.408236751358111904e-05
3.321990990855861262e-04
3.310474337331078404e-02
1.578932102976107364e-03
7.049206246900713291e-02
4.553783263764223099e-02
8.785900144884689622e-02
1.099573387343876080e-01
8.497043041346290237e-02
1.522864112110406884e-02
1.225834484849537662e-04
2.880379544545179013e-02
6.387581508761829788e-05
5.141248569865516059e-03
6.453618032848188468e-01
1.241192072396993598e-02
3.943657226354008727e-01
5.862759162380936327e-03
1.551296320106623251e-02
5.045342724743979717e-06
2.427483624105905317e-05
5.175626592520832236e-02
8.549676471902223351e-01
1.771274168892600087e-01
6.054371681839136382e-04
2.113913803263349966e-04
3.300177972926880286e-04
4.728058074509328135e-02
7.294612512611492461e-02
3.910241669826112934e-04
4.266478256093350629e-02
4.175208846167555859e-03
2.727121187284758386e-01
1.468713296597195972e-05
9.006441316853629501e-04
1.062903863542768594e-04
3.021604393856863399e-02
8.823896624773024458e-03
1.739653885102590471e-03
9.619767724719584245e-02
3.042401666552001227e-02
3.329619067916411235e-04
4.256008207973439178e-02
2.391112793884653254e-03
5.291426890856138626e-02
9.588041964540252593e-01
1.754321460594621563e-03
3.187972246513686922e-04
2.191372917453040803e-01
6.078057719817615556e-01
1.370651490931550044e-03
3.473383304862679506e-04
1.489468028393699066e-02
2.451976275573390304e-03
6.911748847466752483e-04
5.932886829008406776e-02
4.078898913920279805e-03
7.847670078057740126e-03
7.286118159022724090e-03
9.869007172097840272e-03
6.564001703752232741e-02
5.185081397263788944e-02
8.621320829166738441e-05
4.469295149188733172e-04
1.390632522188448559e-04
1.846003001446677380e-02
1.631438835078413002e-02
3.474266622895462366e-03
5.101251294008698339e-02
3.479453958320032764e-02
1.783807726586973848e-03
9.316252643439089029e-03
9.531612478067676142e-02
9.847856566197236115e-04
1.081560473356571028e-03
1.498427591525600643e-02
5.134976985497400476e-02
1.128722992440900482e-03
5.154879915006579418e-03
8.900092653218965970e-04
1.004564983652641956e-02
5.151097920161471421e-04
2.703631799528524293e-03
1.242160586385138491e-04
5.116509362257016689e-04
5.715856214049545077e-04
9.938153003882784636e-03
2.147119333314598429e-03
1.805630397333427570e-03
3.000739542365632451e-01
5.639891431975788683e-01
7.769016647909865632e-03
1.138575924529679418e-05
4.786595091426513321e-03
6.050244033604762831e-03
4.338029930847874774e-04
4.617583697294715649e-03
1.175159337875468224e-01
6.300201018972633208e-04
1.677764475536490038e-02
4.297695169784709543e-03
3.337681078171834959e-02
1.050349696678869849e-04
7.750076166533686854e-03
7.736259811943689254e-04
3.415159165577636748e-03
5.144624850545803044e-04
6.337489823147808999e-04
2.842151691178117028e-04
1.855094955901106721e-02
1.975532481236342772e-02
6.802979955278534718e-02
1.287091903887486490e-02
3.103563501760576385e-03
1.396629675462759002e-03
2.520885203943000474e-02
6.386075626797361737e-01
3.255449618174803550e-02
9.668297327858229456e-03
8.466135769552294351e-04
1.488779044983820892e-03
6.111000695825049601e-03
2.876202226667807366e-03
7.236582009809856136e-04
5.306428880101737551e-04
5.414905137433325376e-03
1.436761734752604674e-04
8.737755761660855741e-03
1.492411461734439657e-02
3.756171906361095649e-04
2.424037461452531461e-02
2.191877420577367092e-02
2.454946552908673766e-04
1.285724335602131505e-04
2.231259896802680054e-03
3.211105559919848196e-02
5.268366095602515509e-03
1.538942180060361327e-02
1.122994837138947995e-03
2.578764205238568211e-04
7.567595893590141429e-04
3.307772038991877166e-04
2.509106446792720106e-04
4.379718598518027133e-03
2.591065825300006287e-01
2.916065883907386757e-03
3.337160090194420548e-03
6.077238702904966261e-02
7.356764875549796738e-04
4.199628770302119246e-05
2.406742713713561632e-01
1.852823562521158443e-02
2.383515126250502700e-02
3.642519193875073252e-02
4.670168829838378907e-05
2.835420470418389093e-03
2.638560334691143153e-03
8.108217870115659240e-03
2.228071770721557765e-01
4.552337785088047818e-05
1.596213400788498498e-03
1.855539667864580106e-02
5.276233038645558940e-03
2.885603785267055874e-05
1.928308800875164252e-03
1.739545626892667445e-04
1.015543554771797773e-02
2.195578647754577954e-03
2.129583584006874974e-02
3.215690509414047271e-02
9.587475526186643726e-02
3.486788753293958987e-01
1.349504273901918142e-03
1.969782713897307302e-01
2.608939802484144897e-03
1.764226802778796378e-03
4.679615748392151561e-04
1.035594790130381945e-04
8.626851904218173217e-02
9.615796344003251363e-05
1.304271861841840158e-02
1.843741872391403691e-02
6.084772699379920741e-03
7.914393909860881204e-02
6.011488765395060080e-02
2.472006289417237254e-04
2.267643944064354558e-02
9.548080436968786860e-05
1.121665767756773930e-05
6.167273386084381288e-04
1.531701858553394724e-03
1.058176051983016714e-03
3.874144284766452111e-04
6.010799870766529024e-02
6.087655582880588390e-04
6.593717294019492137e-01
5.387043916695560385e-04
2.967921618886701970e-03
4.155846655234260120e-04
8.072129009310508680e-04
3.825199465009586656e-04
9.150852865380389167e-02
5.063828873751267121e-04
2.657015310055667323e-03
3.169298964137640673e-01
9.034594134433800204e-04
7.264730463341097753e-04
1.639959033287613152e-02
1.601115536907926282e-02
1.531796212413421687e-03
3.471593283622391066e-05
3.668256365562340329e-04
4.993400970629271671e-03
1.912500687512563293e-04
1.654466400476544124e-03
6.931872448566195203e-04
7.489236201190019098e-04
3.698845124221030790e-04
4.017705697755823710e-04
3.123363934405962638e-04
1.483876494138730334e-04
9.145212333533650137e-03
2.347674423502553107e-02
1.571968340239286591e-04
3.133327595667397825e-01
2.119564689898843432e-02
2.963101750462849519e-03
2.962991604971344176e-03
4.173539579364672104e-04
3.003165315417654843e-02
1.542949850846336152e-03
1.813482491702926797e-03
3.419565952235672970e-04
3.373395058421015946e-01
9.298704960375582529e-03
6.658615473022211351e-03
9.635613417654070303e-04
9.720398350001305574e-06
7.476762302387604184e-03
8.703971379567062476e-04
1.785759269665940772e-04
1.535696301615165158e-03
6.002554355221857712e-05
5.140756901016365482e-02
1.324109967354934617e-03
1.510562033414369620e-01
1.292025084789324638e-02
4.302843858624615797e-02
9.815984615118963832e-04
5.076601628334329909e-03
3.025843710352874028e-01
1.134899431993020543e-03
4.817090412336419783e-03
3.465509939373565551e-01
7.525757508526405119e-03
9.627432733188523678e-05
2.502032615159758416e-02
4.486779517576353939e-03
8.249250124026582046e-03
1.917220638402919453e-02
1.043417000496868474e-02
1.249012286733513480e-04
4.649523200199827118e-04
2.299086710336762512e-02
2.321459373541300830e-01
1.611298805693158614e-02
1.472779455689050094e-03
4.424379392851771932e-03
8.549668067053689275e-04
4.330502602020402350e-04
5.462806884079629555e-02
6.423682419144649547e-01
1.436695192580653884e-04
1.651625886171170180e-04
6.913131807670486141e-04
2.857574956401216781e-03
1.506542792111558674e-03
2.401703895326973571e-04
7.259927892716357654e-03
7.883931896013134100e-02
4.937655917640672021e-01
2.246746785941013862e-04
2.889460637634929177e-02
1.433817111938328714e-04
4.480159315480822940e-03
9.574144377969327421e-03
1.121004080682385350e-02
1.410350063605662028e-02
1.719089207038676237e-01
2.351551804518036131e-04
1.490105911753611010e-03
7.824751412179597326e-03
1.766488630625027145e-01
1.521110269076357546e-04
5.238786037520533172e-03
1.446468289301128615e-05
7.905200261364799842e-04
1.474604356394098497e-03
1.659244687266768709e-03
7.504565040951219129e-04
4.552430287044652996e-02
1.373875923702157976e-05
2.129805504323288579e-02
3.288991003691374361e-04
9.301161999493046117e-03
2.997124559412855330e-04
2.039606443181325723e-02
3.093935134751643265e-02
1.350966757066134338e-01
4.255674874628544917e-04
1.996126460035650696e-01
1.123268170556219331e-01
1.907516999605121666e-01
3.003657986341908611e-03
1.395239664268004276e-01
7.007933003648350112e-04
1.705224695316066574e-01
5.027924611837465696e-03
1.160766419499514694e-03
3.924805621254134502e-06
1.269455977480429994e-03
9.326583396277884908e-03
2.088687242111817669e-03
6.041572347009985244e-02
1.610250091559323193e-02
4.747691101506662514e-03
9.165314044563859690e-04
2.361780102042102328e-02
1.184594283771151293e-02
4.355300227371861760e-02
2.842047015001253341e-02
7.998263332432604261e-03
5.049984228815534992e-02
9.750605430244344788e-04
3.743118275631275105e-04
2.031327465560713497e-04
1.833879904098583216e-02
9.813920631872978528e-02
1.822264023725695542e-02
4.032276499784306911e-02
3.874378856575264041e-02
1.619327794219557629e-04
1.345466251246511683e-03
4.872407111292056774e-03
1.957326369765772234e-01
9.450333571383088410e-03
1.348369063550918789e-01
2.454582402078253362e-03
5.351342813764643595e-03
4.972590435588650909e-03
2.202813989259318206e-02
8.152756087447417949e-03
9.774183763796009602e-03
6.145167246659949400e-02
2.856446783342887958e-04
1.182468194740204058e-02
1.489705681628576738e-03
6.203985135059084815e-05
1.959202507115276369e-04
9.198321888462428816e-04
1.587590799752830852e-04
4.166740176062703853e-03
2.111567872936053261e-02
1.563261383773662623e-03
1.085840943648774815e-02
9.156055910069046564e-04
6.810162331264885127e-03
1.137861299647641763e-03
4.527180328749544347e-02
7.379825832605936683e-04
9.862091709354338098e-01
7.040053966999202609e-04
1.548977544919631871e-04
4.704074195164624733e-04
3.918725571158825603e-03
6.171427346029071392e-01
1.217912651575227181e-03
1.881595085733993658e-02
1.734098065794833360e-02
3.910993333484494294e-02
1.285485996550358133e-02
2.650390319378061188e-02
1.784938748700988856e-02
1.288352710917536371e-02
6.048837379720237509e-03
2.870575570457728032e-04
9.381996715595404199e-03
3.021944191888265019e-02
1.293598096837571265e-02
4.264496765978005957e-04
8.141125539381847921e-04
2.044676798279084808e-03
1.455485299329192252e-05
1.759946233264802085e-03
3.051881236017468801e-02
3.597050235247047176e-03
5.453569549088135762e-04
1.828449887030802329e-02
6.058740706425021216e-02
3.847413641511144428e-02
3.786602084659251855e-02
6.327991703566413612e-05
1.554501987482689862e-02
1.266405090865823290e-03
1.521201320888902232e-02
2.165171303763993148e-03
8.969762569504501765e-03
9.999648809802209881e-02
1.290937501507302514e-03
1.491146449144910334e-03
1.826041344581228387e-03
1.529157374263661051e-01
1.050833082585816617e-04
3.506490741141986343e-04
2.479022712579521601e-02
2.937421928339591895e-04
4.845117531127212107e-01
6.706427124463056055e-02
2.461960395104055219e-02
1.066796587551986294e-03
1.365076254923190636e-03
8.243079685313320359e-03
4.664417438257542625e-02
6.131478903886822208e-05
3.680627447278488236e-03
3.156051371260990696e-03
3.569192364672097752e-03
1.954594194889676916e-03
1.189975752357775446e-02
5.685077272617707067e-02
7.788647860940620116e-02
2.400822984662811382e-02
4.506590011863162437e-02
3.128661287267130549e-05
2.549317956236026614e-04
6.844529631110343043e-03
2.914642232102883021e-02
1.406830714221159618e-03
1.265639410007888578e-02
6.100067708092808379e-04
4.108417285637612471e-04
2.323512066978039668e-03
3.781381520237401400e-02
1.752740976486505181e-03
7.237865228359267704e-03
4.752809830911226309e-03
3.716782089745820656e-03
4.641159396297795666e-05
1.154729220267359802e-01
5.793222746070691336e-04
8.880521623593937500e-03
6.977326869368576968e-03
2.019781790814204059e-02
2.589285387606804489e-02
8.806745706279134334e-02
8.944267731844408528e-03
3.183804904202198398e-04
2.319349028065045143e-02
1.163652228893268144e-02
9.114260830324020374e-04
3.796431077714557242e-05
2.547512787817201446e-02
6.362771725071542442e-03
6.382162849996312302e-03
5.160216263897509118e-04
1.273764074545853252e-04
1.548836416479307254e-01
2.797885655746668509e-04
3.045259433098950559e-05
7.635319468015893513e-05
4.524911296462171169e-03
2.937081062269524673e-02
3.270332575318112087e-03
2.702261250549118365e-01
3.887819757536214310e-02
4.256035316833174306e-03
1.059843315285726546e-03
1.209600179035817506e-02
7.987859109605911084e-03
4.940385304688453549e-02
7.686706610502896247e-03
4.919570453372290077e-03
1.820161688873232764e-01
2.398527551514281417e-02
5.351983051207961364e-05
9.026561700252749452e-04
3.651739313878161509e-04
4.658757585923149758e-04
3.039874657154165855e-02
6.662666183647188660e-06
4.335705709622682258e-04
6.589222135926266384e-03
1.293270120908283569e-02
5.770105775469204223e-01
1.279077176413684976e-04
7.438016118659153452e-04
2.352875381452744486e-04
1.488709007621152461e-05
1.366673703230418362e-02
2.371717054101876720e-02
1.723871354421749737e-04
7.751415965941643726e-01
1.941065329308348667e-04
1.258323920452561061e-04
8.037203537271274054e-03
2.314155024904429245e-02
1.870695901026734253e-03
2.671043479401859905e-02
5.466343927482605891e-02
6.847937214018408152e-03
2.505476903231268395e-04
6.407989513667574407e-04
3.913417998696387505e-04
2.974746781259057088e-02
3.766817571729321216e-04
4.174911370581200175e-03
5.988150670952061515e-03
1.041166773439607673e-01
6.213843365553607667e-02
5.937994860179658663e-03
3.036980363094925889e-02
5.746174630155115315e-03
4.253490126906885570e-03
3.971988591545991634e-04
1.775495479795411553e-04
5.105022031385825871e-04
9.411564840605177173e-02
2.362190828441679616e-02
1.038709475988686994e-02
6.647456482527254636e-03
1.082907479588826475e-03
3.712355142653126633e-02
2.994472355742658614e-03
1.644131986220411174e-03
7.607444578991581991e-04
5.028907935732968698e-05
5.866131964415828570e-03
4.213230325849650991e-05
9.753005378208954744e-04
2.659767859423932575e-03
3.575263134906524285e-03
1.218261318272100685e-02
7.713254073235608450e-04
1.973599622969137086e-04
1.466618611401128772e-03
8.566636944295134143e-03
1.495747724326615125e-01
1.748109775076252389e-03
2.092173405727981283e-03
1.106993373579947079e-04
7.511023725186862735e-04
6.741741663779110278e-05
1.280286724795578427e-03
4.332337515544454690e-03
9.425700599553459361e-03
4.889511093001873421e-02
1.395028071533288005e-01
3.773043007078581007e-04
7.006631082960856644e-04
1.834206639387670271e-02
9.110724051242162155e-03
2.239715109544819591e-03
1.999885786739415388e-04
5.844187836376520161e-04
7.995937391252119081e-04
1.421774016046033640e-03
1.398065773024186097e-03
1.313410663790525075e-02
2.299853237261373640e-01
8.052734202530931196e-02
1.756572185487552396e-02
5.502566854082961006e-03
1.740879339241761803e-02
6.665370255761244550e-06
3.012558713890802972e-02
5.308685169154583328e-01
3.059281490169977746e-01
2.285957177306621041e-02
1.240684319158671858e-04
6.959852037434859345e-04
4.667685469922027049e-03
6.334912596336888125e-04
1.146987235667433377e-04
2.328104558062281393e-02
5.493384798820826571e-04
2.150607716792020396e-03
4.519540912438053774e-03
7.528525699042063271e-04
4.896225423174033718e-03
1.576206866752185025e-04
1.402078688002653291e-02
5.077053880116492481e-03
9.623657338912900436e-04
1.000687018043112664e-01
4.553001516903678048e-01
1.796937029196291752e-02
1.472896916357598540e-03
6.041444716900492944e-03
9.011953682961545129e-05
8.748606761078163430e-02
6.360470151278669942e-04
2.434693094454339762e-02
1.357322156714728112e-01
2.395355372500024282e-01
1.179329874713445133e-03
1.999938044214676358e-01
1.884286573997707428e-03
2.265591935961428708e-04
4.551345340621307245e-03
1.138671649533433015e-04
9.421862810904417518e-02
1.823470486166583549e-05
1.004858706613497905e-04
1.296263235763446282e-04
2.230772592851385178e-04
7.632489864573139540e-04
1.451175443669466478e-02
6.332967448782172992e-03
2.136673109112312979e-02
5.917218797155010535e-03
2.984422117156082521e-01
1.092780000722635113e-02
1.486343595708359156e-04
2.378119499638857838e-04
4.888887988579964511e-02
7.633956904396254674e-05
4.349566597643590889e-03
5.806779218203943606e-04
2.921237786530915298e-04
2.793622152525112798e-02
2.494821273008149981e-04
3.588997480492631814e-02
4.954770099886833534e-02
4.021131944034372213e-03
5.207651761810306668e-04
2.035541843963256312e-02
3.752317585561740221e-02
4.812436077086061290e-03
2.910976149764720952e-02
6.194463573777181029e-03
4.867070628654907678e-04
1.400537167504492574e-03
3.265224357160543709e-04
1.138701867258880632e-02
1.392710314840075417e-05
3.884704277848118319e-03
9.073631885170197907e-05
7.890044514592809257e-04
3.967626380211835002e-01
1.251376059741206824e-02
2.630024826624482743e-03
1.722987562665282790e-04
1.419902685156414256e-03
8.648531315410058415e-03
1.141785387981880976e-03
3.418846716406968595e-03
9.382303022954185251e-03
1.401965007063299515e-04
1.366145976640790495e-02
2.882657637556918992e-02
9.552922342978024117e-01
5.240966645889254538e-01
8.902441699801053598e-01
8.351772912450056152e-01
8.669540810727417446e-01
6.057965076327462284e-02
3.099864720609623592e-01
3.483488351997750532e-01
9.564707930939455593e-01
3.890564123942572700e-02
6.552691983498564188e-01
5.977208254124412035e-01
4.470512976885611389e-02
9.650601676184042965e-01
8.466396051359152963e-01
2.749493901049825800e-02
8.245347034448192725e-01
6.704848974508293979e-01
7.585721958717730473e-01
6.245401843307172296e-01
3.262565400021728013e-01
9.872265563083337803e-01
8.926596906514072671e-01
9.102881708828057528e-02
7.860610970925950847e-01
6.602877906884673243e-01
4.868276532477975871e-01
6.445917770791003143e-01
8.841615684642915030e-01
4.171246559060645676e-01
2.085712071856383465e-01
7.986071362291006226e-01
1.196328724461053761e-01
9.249539074847020759e-01
9.924767197401670460e-01
1.563062024709909181e-01
9.305499085494618461e-01
1.383594424355058528e-01
7.603365916816515746e-01
2.424137604799903312e-01
5.524933241648629645e-01
4.228701456972198958e-02
3.271457343026523690e-01
7.968010968956549256e-01
9.110629934915698280e-02
5.516535380470085626e-01
6.493237704569067015e-01
6.117806385482713605e-01
9.673356677646689494e-01
9.771500739256752111e-01
7.635712561287116840e-01
3.476328728099705168e-01
1.848756699070168985e-01
9.218194144766812537e-01
4.190147310902276323e-01
7.597462214540837699e-01
2.453608270659904389e-01
2.006192106539942954e-01
9.871322826257237226e-01
5.075281519757809390e-01
8.759938647444813764e-01
8.509821068699846558e-01
9.557161958629941667e-01
1.380111526267653876e-01
2.684121437755700446e-01
2.243669671275290434e-01
3.057814788015049065e-02
1.951832328529973237e-01
5.832822666462140759e-01
3.605950608563326942e-01
1.255991222494658444e-01
3.472127470087961187e-01
6.513765293326394534e-01
1.206652764200506212e-01
1.339081014033868255e-01
9.620214630249552812e-01
4.975868817281398626e-01
9.216812668371953121e-01
6.008796226657807660e-01
9.935166327864124458e-01
2.789458227538765822e-01
7.772820635609026807e-01
6.746573747310877778e-01
7.520001780419790505e-01
3.907216329664325305e-01
5.631258993194231399e-01
1.205208866161020104e-01
5.438293193883879661e-01
3.253805323160729318e-02
5.581601103734815661e-01
2.916757264960114227e-01
4.789883756856382069e-02
9.083827468295258001e-01
2.793243719934365155e-01
3.323108408927443747e-01
6.143463867820894153e-01
4.315579701308195348e-01
5.332741221650473262e-01
9.292142864348287290e-01
6.644502702620881385e-01
