8.400988616752404214e-02
4.128291344912710104e-01
2.119255416094652511e-01
6.143666142112613748e-02
4.316130028866670409e-01
1.892782608170541503e-01
9.996453424025174561e-01
1.701286516052782083e-01
4.515199817468588256e-02
3.194233706748723645e-01
8.112730696457375323e-01
6.285316257226175596e-02
2.776667178256074786e-01
1.718215054956883092e-01
9.387590801032742460e-01
6.152830231556311036e-02
2.135057940105107577e-01
3.053477541704751608e-01
7.764288926893654352e-01
1.797757328256678333e-01
2.535330776405898545e-01
4.596598394170266222e-02
1.909015706462341977e-01
3.625230626339283613e-01
1.159523547152576245e-01
3.032682040710088511e-01
4.169946235392504308e-01
3.640214634467240501e-02
3.276262607996132531e-02
1.250198918651380386e-01
4.881640731549952150e-02
8.187878203993975701e-02
4.173337256357307484e-02
2.281963485523814117e-01
7.361402740072692241e-01
3.599575070805087207e-01
7.443387387449068582e-02
4.662720694243499553e-01
1.010373542430166860e-01
4.909394468053926430e-02
2.395151514730528008e-01
4.267966083234064345e-01
7.969394694257456169e-02
9.602763362853986018e-02
9.142754750166289801e-01
4.387730251009601401e-02
1.644772425915259073e-01
8.686831324851659875e-02
7.187897010984817259e-02
2.408323481736431571e-01
9.997956029226964247e-01
1.933278392410204549e-01
9.996706339744649839e-01
3.896026503593611467e-01
8.516514546821106757e-01
8.967475649399148097e-01
7.200492885749170124e-01
6.051663018511892478e-01
6.427019846300469075e-01
9.496319140523171720e-01
8.274665149193664027e-01
8.429345394225723487e-01
1.821024283107498254e-01
8.806577865436209240e-01
9.643823196660867847e-01
6.514169846886564974e-01
8.287895957594499929e-01
9.985997445395915495e-01
3.794125929316874424e-01
9.481578739024580926e-01
9.773839302250831862e-01
3.118832616558547821e-01
6.300167505798832668e-01
4.262692035087982112e-01
8.019705619599674096e-01
9.912548377756242868e-01
7.102480296876008126e-01
4.702872042700237953e-01
9.819721318711688296e-01
2.499565319080004344e-01
1.603311166367718255e-01
9.998593061249743119e-01
9.680927763957970500e-01
9.342612962411266375e-01
5.085589081536678879e-01
8.778897088214824285e-01
8.045848276467216786e-01
6.497357791651067194e-01
7.524009870202820194e-01
9.999450487332447457e-01
2.343703727170542983e-01
7.145592752771517953e-01
6.951730305821482991e-01
8.040065252190737866e-01
8.352596212238629914e-01
5.221162003144246277e-01
5.030835090085035155e-01
7.231936978636357427e-01
9.979349223471027930e-01
4.143035913648855928e-01
